1 -0.313561865571309 0.647736907131668 -0.193392134110274 0.032649789158599 -0.357581508796042 0.856949439062581 -0.298223920206829 0.215233913705609 -0.345915636208074 0.706715392867798 -0.402271388020275 0.726532689942117 -0.423132062223698 0.0584002617047189 -0.405091660909209 0.319934414625257 -0.258900423531136 0.403938186387102 0.0983690238034898 -0.151936587637116 0.0493740268732794 0.183034074438821 -0.00903710320025753 0.0855130692763586 -0.0830123667848673 0.00423613066681768 -0.252087102900695 -0.182353522336261 0.000664485592816892 0.54251713714287 -0.234541444000064 0.485255932132104 -0.344585893908958 0.354254420146144 -0.104901576524636 -0.428205186422702 -0.357387420002232 -0.375156069594081 0.161858633131981 -0.487385435319242 0.123979046891605 -0.0316464636452288 -0.35660082866434 -0.20421917374314 -0.100564507366684 0.0181079932381289 -0.333753168477454 0.0849342813580295 -0.306547547317698 0.356001567795549 -0.393991778295209 0.293898182651215 -0.357743329937714 0.166039446169026 -0.592860197685788 0.965886049769466 -0.326876246492755 0.3226383495183 -0.28648097087491 0.727288564218842 -0.4106190444469 0.644761085298597 -0.400797410509207 0.451986295055171 -0.451110697332453 -0.0497411432869884 -0.0551409155847301 -0.0180920726448195 0.333148653506774 -0.0216565367233695 -0.365720332199927 -0.585319983333729 -0.0718511260528743 0.160850199521687 -0.058639438495391 -0.0709394352579162 0.0314606977140568 0.446903189118509 0.109246926734268 0.589784438038152 -0.439214339802809 0.280294502247338 -0.304328960147751 0.539369325373872 -0.544076116283792 -0.410476560990587 0.0151064522935391 0.216781014454291 -0.543723342885713 0.362781808934008 -0.544753890792636 0.177281092658181 -0.575802104136848 0.329622370663595 -0.428581314016268 0.263038241654102 -0.655518162796517 0.342449885307824 -0.713505006024319 0.182306397083779 -0.457136225689559 -0.0208226532915681 -0.593194780586714 0.00405343184699419 -0.673720269394012 0.18100220902841 -0.231446286484261 -0.285486261401171 -0.282335106071087 -0.371084526612041 -0.566812972089672 -0.389365502169335 -0.00947559970000299 -0.0276197915027601 -0.0702189944958201
-0.313561865571309 1 0.369501577046424 0.954445154031508 -0.67015747592933 -0.212865505435194 -0.114462393639125 0.965450683561781 -0.578483631381234 0.446090534336301 -0.495842507045315 0.888207781376728 -0.554816997106973 0.918288323143289 -0.70951386799758 0.0192771962630055 -0.0498682037955199 0.827316621866943 0.562969839172644 0.811850625833531 -0.572819291913401 -0.704679175447309 0.628238861306179 0.784397233421163 -0.243834487983597 -0.0233540771417594 -0.828637994510659 -0.590441986602374 0.667559360820243 0.139274000366979 -0.688026925419103 0.814321047709259 -0.572667219195027 0.900985038389906 0.0750781968629068 -0.279947491215033 0.566991404785332 0.487414397480159 0.0842183496446819 -0.774088503477337 0.440352660653908 -0.399732737726124 -0.342122712207525 -0.209894976880555 0.305281474915561 -0.0246654580274721 -0.452244638715008 -0.362955475403793 -0.282321038942881 0.313474030729722 -0.738374174667523 0.47859583709346 -0.856696359182246 0.187105218471951 -0.854286689138545 -0.276460385239582 -0.377203498998661 0.983504363479381 -0.00530879009668916 0.706028450129873 -0.558345342388195 0.928397670635306 -0.771517002828605 0.942738124370944 -0.738470684244222 0.716971462918968 0.562552916931834 0.331914007059392 0.772789266240203 0.412914609873291 -0.217870006609517 0.497062998040263 0.600291971193857 -0.615656038188091 -0.453620920345019 -0.419138554696007 0.33256946376309 0.166057363735222 -0.299028877792902 0.45262484461773 -0.842598025319958 0.917987442820209 -0.399851922737277 0.379063907331821 -0.866210492802 0.799637081511336 0.604995607427984 0.0791195480286117 -0.933041874483419 -0.3004241747634 -0.880108138914635 0.719545176318347 -0.775734398437359 0.16035790855101 -0.301335666645045 0.646229668157709 -0.701648294329587 0.73338417901575 -0.846297668644117 0.749118238274061 -0.848942195441439 -0.382293837075619 -0.714981115088523 0.0192942393315525 -0.739456502956417 0.525884255589691 -0.43954869513678 0.398771676947325 0.0997352731037584 -0.150404648355713 0.334595522082488 0.338758214421198 -0.081629446358958 -0.281228765687069 0.310808362460347 0.0116944771005692
0.647736907131668 0.369501577046424 1 0.547150335626281 -0.196288389127534 -0.179895234116912 0.827481170159888 0.451952733460049 0.0706733821155697 0.245281971828726 0.341786013944853 0.318576454102394 0.344887258198937 0.311747191556482 -0.223926825964125 -0.0869599102930373 0.373343959649288 0.421394039696958 0.703295944565511 0.579253309501155 -0.440301361795991 -0.297289732944118 0.812821781116352 0.719604917503793 0.209670175113883 0.251023194126412 -0.466912152245806 -0.483833240891946 0.419837648449413 0.284207323590671 0.112707957326903 0.489240906731736 0.188009255381088 0.367314439196456 0.550745953561912 -0.0877726045273685 0.218656626284267 0.182805899865548 0.0101028493526758 -0.187153696845188 -0.00953642706584765 0.0522447389792008 -0.469311336990422 -0.67500319993741 -0.239394653553938 -0.397603278940342 -0.519713699722458 -0.73606681836564 -0.455257084684979 -0.319992009322846 -0.429816781938551 -0.282338802465683 -0.469554010984911 -0.39427345462161 -0.495670386983948 -0.640945641895599 0.574310957907592 0.329081277310239 0.0060834158224324 0.0405708289692925 0.0475766064576032 0.180114829295033 -0.026770212766963 0.213731908312467 -0.33412953279115 -0.120478592918718 0.125329090271333 0.0227801303382265 0.393742751806629 0.507952629188858 0.122812121152719 0.332269233307416 -0.110259478664317 -0.482849871306337 -0.292310584453703 -0.441011513921325 0.176809114825544 0.235899539337703 -0.0013790945879499 0.200040503137534 -0.0570726381236352 0.21058468741134 0.250856171955085 0.257563362645734 -0.157986323756161 -0.0115922985479183 0.271724095758928 0.372845351666398 -0.438131921921235 -0.644246351567301 -0.370600724448988 -0.122881729521889 -0.556389955992276 -0.56764826351583 0.275977546397596 0.218359246967887 -0.142272279302167 -0.000952191639598583 -0.282324137277173 -0.0814957843107781 -0.417517074034265 -0.597461736743357 -0.352719910798793 -0.330016316516279 -0.518524991650581 -0.226707074274579 0.0761705740242861 0.26714086601352 -0.120437632321791 -0.467917750166698 -0.403329097850095 -0.439836927336797 -0.649557821125079 -0.380530901572561 -0.0279914552149578 -0.316881551620135
-0.193392134110274 0.954445154031508 0.547150335626281 1 -0.536465562777507 -0.105302529783455 0.0721451113276958 0.976618223798623 -0.39112661517161 0.534972676816485 -0.35011681261212 0.878901737806563 -0.407654944326931 0.900902686294012 -0.603173757394371 0.108879307751648 0.07977277574788 0.847140408073485 0.619695394867167 0.797317335126119 -0.578044318937315 -0.638456634085775 0.813405807186581 0.921108540796199 -0.0516733775804808 0.147334600790105 -0.780100779739352 -0.572122130744869 0.695255284473725 0.244109866975747 -0.554706176629187 0.85277218279036 -0.405823345510177 0.883502855084767 0.222248995313225 -0.198576884099865 0.612633983880054 0.551354980166609 0.203148650648399 -0.65213795266602 0.435186844409637 -0.292196467471714 -0.498389594781213 -0.390282642719201 0.110529060969172 -0.208157763287566 -0.592946117303829 -0.524556850118623 -0.462426360831609 0.107476609055623 -0.822702992267837 0.259336146886544 -0.903718391976358 -0.00141256611813946 -0.872867798794701 -0.324012998244744 -0.266679227597986 0.911631365783794 -0.113211115179198 0.558521898819941 -0.58305529929332 0.825440656330928 -0.724570214020191 0.841100881330355 -0.800899612199972 0.527773754287939 0.431908469752966 0.24595659005858 0.706029207297776 0.411660611816019 -0.0186767616058403 0.606617296597233 0.516630655937418 -0.612068966948865 -0.489372166703219 -0.471376891849768 0.353423777517303 0.196109033044285 -0.328633658585895 0.336624117687559 -0.766772703497024 0.839361384885757 -0.197852617835791 0.489122845239643 -0.820934131403713 0.669055023039665 0.691993213259906 0.25076493505659 -0.912022487420417 -0.368279231247624 -0.875350187499943 0.566297062758698 -0.878360058731089 -0.0432945662005243 -0.117173534228402 0.701715432154449 -0.636527237555357 0.693967687464007 -0.812921074391754 0.691181215336814 -0.849915122137882 -0.428673076665354 -0.663476899333161 0.0258926969133438 -0.764417348023107 0.410972441818859 -0.287954281968009 0.503859522038977 0.0630431714078295 -0.259800436187813 0.129789035045195 0.162473017799814 -0.274673942539441 -0.379381676264163 0.201430651311944 -0.148718997569068
0.032649789158599 -0.67015747592933 -0.196288389127534 -0.536465562777507 1 0.770810313634613 0.214125462970951 -0.55037886105864 0.932382977200328 0.175678501752198 0.532743949459996 -0.376384100409575 0.589261289761349 -0.432150674597241 0.940479784184176 0.581006344551311 0.293189718154094 -0.435001158969939 -0.631093015231542 -0.811593764533359 0.698281680776586 0.914580919068288 -0.111214832129639 -0.276805037107649 0.81658513358232 0.655849384060772 0.890959487250692 0.822765603153922 -0.205050985422865 0.463283831096581 0.740894027312823 -0.314836519255678 0.698266586648138 -0.553648641413029 0.277013485226802 0.61765560479617 0.0235766305155987 0.0439222230978549 0.580875575277395 0.920382936385924 0.0282330741626667 0.760690903601224 -0.322994235698252 -0.265865177971652 -0.809837537343845 -0.61437642091411 -0.0714920719940878 -0.0292611275582269 -0.416613472304468 -0.779675109117888 0.159148376829175 -0.812970825582132 0.421342352959791 -0.445814237323301 0.638080144855424 0.468475930039032 0.124263629736501 -0.739399709181457 -0.648955171716627 -0.916130749435774 -0.0414488487099554 -0.793940342562469 0.528169705341559 -0.685957122410393 0.174433831104412 -0.84095579811279 -0.923222284633459 -0.602623138794454 -0.890598141073012 -0.642024630406079 0.666253037836425 0.134085402351187 -0.582543172563657 0.474372477727735 -0.0592735734298523 0.127826287775998 -0.0158639753807956 0.0233642476203076 -0.046631852610574 -0.780817916094007 0.645442099717161 -0.609503264468472 0.801357960862975 0.341639054270721 0.608161224114979 -0.586672493192216 0.0602189467768542 0.566763566343883 0.736823490820603 0.442277773824626 0.49924728261484 -0.712270605175667 0.264715820318742 -0.337206158548353 0.580799378437283 -0.0212583777802055 0.844544417109622 -0.237354239969498 0.693764112896055 -0.403960549924776 0.625959125171272 0.422335303831946 0.687732479868095 0.265477949997439 0.45995954862213 -0.408449178602072 0.81031568050631 0.179551285191184 0.190993809038201 0.19483807726781 -0.694861410464124 -0.643927816340024 -0.405240697810831 -0.054272855397861 -0.362917445977301 -0.261832446573478
-0.357581508796042 -0.212865505435194 -0.179895234116912 -0.105302529783455 0.770810313634613 1 -0.0727825582560141 -0.0652755553145001 0.728062223584304 0.684213240916654 0.0756633536944575 0.150419675890184 0.137980343776645 0.105062424986399 0.736493332345092 0.931911711197603 0.0235152888161631 0.0785961662306982 -0.58322483879351 -0.528190096741912 0.620041982525174 0.624324897050956 0.129576399240221 0.0956095583873283 0.805196198102888 0.864131650119816 0.601384487350659 0.726168620435586 0.237936582894053 0.624291244591839 0.24653545081252 0.139818310840494 0.277624350362093 -0.0893709283344741 0.237438693345763 0.500543568588384 0.482969732763893 0.442232615422004 0.880826217425141 0.644488229417021 0.575995242752226 0.638351310194419 -0.562941204021123 -0.30623129708465 -0.742714792233941 -0.628862551999263 -0.475612669643943 -0.173622087507903 -0.657089154870575 -0.621501499802806 -0.304593178383819 -0.600000516057341 -0.0812351327641548 -0.320512718118504 0.16844769072506 0.687047754596259 -0.258767095536947 -0.284523107898003 -0.745900929245277 -0.601482058002033 -0.46489281757362 -0.332020105339062 0.0107249390957245 -0.230024490595737 -0.296576828149707 -0.515484816916718 -0.80608409187679 -0.403452486834783 -0.647818339860755 -0.46374481375417 0.689595085390816 0.521919424113051 -0.0628577935730606 0.0618982424853747 -0.37321934992876 -0.160346149222174 -0.15995843283428 0.258554517161158 -0.518368386352736 -0.725731156360603 0.098304987562924 -0.0984257090935119 0.715478918514198 0.608674360612975 0.0714181317249468 -0.117840820815101 0.511252874666577 0.695382670940109 0.283304205859585 0.550871898654799 -0.0832983446622769 -0.322628149417259 -0.156314523234822 -0.0646625199569679 0.378002842483844 0.307091781603185 0.512781344718705 0.343223658648139 0.161725062691409 0.078294172749072 0.206229074586158 0.567195505216762 0.441419864830831 0.692870606822317 0.10966830989401 0.0883593333113755 0.571885462422535 0.587164743722817 0.323772472052198 0.270542993733557 -0.612317166456821 -0.409293831087819 -0.368502155157777 -0.33450011045576 -0.431635075511414 -0.32840194287834
0.856949439062581 -0.114462393639125 0.827481170159888 0.0721451113276958 0.214125462970951 -0.0727825582560141 1 -0.0380167155632771 0.432871505720434 0.0179922202164314 0.759632159324835 -0.0960038288546958 0.789780300103599 -0.129130757375735 0.187943017880665 -0.0972045249374302 0.5299434438964 -0.0272376601200169 0.391373267725821 0.110578431780791 -0.100097816259674 0.169950945352965 0.531570282631995 0.325255477733265 0.430003435408772 0.294339009277321 0.00917234145936079 -0.133045802731946 0.0955982300887635 0.350346497581303 0.613880233128855 0.101068351815131 0.597789254475129 -0.103711287076144 0.624043481334151 0.154010091334178 -0.0646110103054842 -0.0599592601457234 -0.0135852727760969 0.228397124106979 -0.283987433458605 0.329432062132741 -0.409927914732551 -0.667716358083234 -0.501607777959539 -0.508277572912105 -0.272438386916599 -0.607235637534777 -0.355348566987191 -0.582568945930729 -0.0081529122243766 -0.582450429643546 0.0312027535488295 -0.517785708412997 0.0199916934464211 -0.569971700347122 0.83149141660387 -0.17553644359804 -0.098489402627168 -0.41067702307954 0.354705824016286 -0.326903239596435 0.505691922223317 -0.241440688840234 0.0935039894613041 -0.51083670255128 -0.241692736445042 -0.23288636651118 -0.0713224456222602 0.180065422062959 0.266022711570043 0.0565613136977042 -0.617094324465544 -0.14701064776716 -0.183932325181871 -0.249323054595399 0.212759179289877 0.162229774063873 0.232250517316764 -0.0927825401997397 0.486752580648961 -0.261813779301489 0.512207292850335 0.155967521842829 0.393155677537559 -0.417051332864402 -0.0219579892974101 0.416774409935646 0.095758906518139 -0.499898644717838 0.150660782043351 -0.533529455412565 -0.120094567297008 -0.704163278307204 0.523198932746209 -0.036354743539778 0.352832033083612 -0.387800097785908 0.269234560597319 -0.506882365037169 0.0625360945790724 -0.480891500539173 -0.0301979161937031 -0.482627234289068 -0.169142106976143 -0.614877099275575 0.439522308731268 0.0908331144876731 -0.0600110363984325 -0.310312349001843 -0.616012198060692 -0.755931005264713 -0.706339386941579 -0.207107288735874 -0.0404688700428309 -0.220283942827145
-0.298223920206829 0.965450683561781 0.451952733460049 0.976618223798623 -0.55037886105864 -0.0652755553145001 -0.0380167155632771 1 -0.44331143821762 0.585336183319982 -0.426678389079233 0.933084078103621 -0.487345949545302 0.956574274568926 -0.626800923059106 0.149402971488287 0.0456687013048762 0.902323104979256 0.496445352962387 0.751950882374169 -0.564436282450027 -0.662362914306089 0.732985472701042 0.874287826245586 -0.0963909056788002 0.155291005849035 -0.792451591774117 -0.501952434553154 0.775437416245552 0.263642564025176 -0.631169913265626 0.903973146413041 -0.518782409660302 0.940169345052481 0.224132085688562 -0.260740923392492 0.69341360204395 0.626246988297027 0.227267684734301 -0.691352655621804 0.506870085797861 -0.280687670081117 -0.456778086424375 -0.354056900449453 0.164711299668376 -0.182177743345865 -0.577253779349264 -0.445035652607989 -0.443146797488791 0.16143615850382 -0.838745723300989 0.335468321688318 -0.932882776235453 0.0968006162563638 -0.895794092740336 -0.239220138502859 -0.360272816661955 0.939906809222042 -0.131278483641838 0.586996072025125 -0.628778760474492 0.876087472711126 -0.778015594493329 0.904875116505211 -0.828875546421363 0.591446705143147 0.43759599114541 0.225339400453658 0.684973168184836 0.355464232412434 -0.0708805248161546 0.662943987013977 0.603956908158714 -0.644110200192135 -0.52627392252669 -0.544589885974315 0.288521177206889 0.265818678770327 -0.439867797568575 0.322919383778806 -0.835401560788253 0.909704850097862 -0.23083306718077 0.525641230505755 -0.872700097499531 0.767750208232523 0.723154202026082 0.263755423419285 -0.938140438478652 -0.264998942700227 -0.911495746403023 0.658661672275363 -0.861230221226931 0.0657416935641125 -0.17445737641981 0.698452646054115 -0.626157277532006 0.790264726733065 -0.837836266056116 0.757951428268422 -0.856206198222047 -0.348295984190117 -0.63322571946464 0.124731248063293 -0.733341502314432 0.540998643442992 -0.328911207600262 0.526096041985794 0.107349915546471 -0.224316418067914 0.172493822237182 0.249090657718066 -0.206320697323937 -0.342728494165985 0.254925104695059 -0.0906300489458789
0.215233913705609 -0.578483631381234 0.0706733821155697 -0.39112661517161 0.932382977200328 0.728062223584304 0.432871505720434 -0.44331143821762 1 0.278054350941946 0.621392532471846 -0.304929089411586 0.69462800391432 -0.366413390077006 0.922201586953287 0.596778434585023 0.345499431819804 -0.350128969206937 -0.435675292637693 -0.670412244392976 0.558610141863071 0.833629185492493 0.103165747056547 -0.0922171300175628 0.882369429019161 0.723797989683815 0.785160146599056 0.70476953111954 -0.091088304489273 0.564295969498511 0.767307971825771 -0.213806360282529 0.748732298008656 -0.491783039255931 0.378669073795442 0.589955203855586 0.0676622376919071 0.0866895712782328 0.5997940283068 0.870128487257211 0.0751738057595039 0.794285053441952 -0.446728182917613 -0.460136068280502 -0.888358984575918 -0.712376131472432 -0.241200339493499 -0.299208999049963 -0.518133943830078 -0.84348770199169 0.0873338307606398 -0.891631793716195 0.345330366504458 -0.575408564050525 0.530961519087483 0.298458980972971 0.300182457637121 -0.660744935027771 -0.60010118035583 -0.879568198234452 0.0122322057325636 -0.755558833946585 0.541999006056457 -0.657444497695936 0.136087160047443 -0.872555266516022 -0.900926364992069 -0.611471970811475 -0.78821888228882 -0.505126137040943 0.724318937072589 0.181941794164023 -0.624267455021956 0.289018509409078 -0.191260199257822 -0.0379709950638085 -0.00172702497958553 0.0768748434770079 -0.0653977937829851 -0.749193101147143 0.642340580412518 -0.580364555624855 0.857968841656488 0.364959562780738 0.595134513724506 -0.60844449516399 0.142033923182786 0.647085340753407 0.648295127211415 0.268178285164662 0.400349235251901 -0.776762264504695 0.157969209088761 -0.459367496380864 0.600707560457643 -0.0364627448899305 0.766067547595206 -0.249205472255946 0.581055740473574 -0.455989164157163 0.551799440853981 0.319871603812664 0.623462971846332 0.238915671147987 0.340774760797862 -0.467890363676815 0.860203156966783 0.261412686583441 0.1031925618764 0.0448697001350639 -0.799753766784962 -0.783987376748843 -0.565994073026349 -0.212565268976803 -0.406203075525406 -0.339143884577826
-0.345915636208074 0.446090534336301 0.245281971828726 0.534972676816485 0.175678501752198 0.684213240916654 0.0179922202164314 0.585336183319982 0.278054350941946 1 -0.155167092985388 0.741759041384058 -0.127670981785573 0.707296495481684 0.140050310816705 0.80671225401334 0.0332325241031474 0.699662681523341 -0.12851036922432 0.0935227588422491 0.0771363688680778 -0.0225959902419397 0.580532261124 0.648433700770538 0.555291404969836 0.782093400343047 -0.0953767221758273 0.18294916381656 0.756308157411922 0.700537361970417 -0.211192953049081 0.71553835476966 -0.115924810295223 0.553450093652427 0.41928146862873 0.198772999417152 0.842001135305042 0.766044614359881 0.749824098489197 -0.018817159211401 0.822111378179153 0.325714946425593 -0.72910653252748 -0.49354853134389 -0.450085261925156 -0.54125686361346 -0.83087635487781 -0.527049382532406 -0.722303109684274 -0.299363602845449 -0.679149172279103 -0.210231435216603 -0.61967398927255 -0.159087200904742 -0.506074455950653 0.266366372144024 -0.271001092054747 0.382515055782891 -0.526444208192361 -0.0375713284021624 -0.605840430246577 0.327709046863081 -0.395215511637698 0.407006308495965 -0.658259316998375 0.00552101737147053 -0.313460865016096 -0.0655646804106258 -0.0503774201164954 -0.0370658691550237 0.466214332964319 0.761024245504594 0.293158411228065 -0.541213193143389 -0.7713737967905 -0.650670507524046 -0.00997915658621635 0.550718753534385 -0.788729282395383 -0.404443260273787 -0.408107644044921 0.521546466410554 0.433432145246576 0.781356352679406 -0.443581273784378 0.41407596373504 0.856736296803181 0.728642728487355 -0.395321093088849 0.196423739066875 -0.654124350864984 0.146515577833269 -0.615432320866566 0.0216043045268249 0.201991218534759 0.58208429255235 -0.00171892770776838 0.772325168707949 -0.407166387261454 0.498634335168296 -0.406298526542062 0.192885998751013 -0.121335207409703 0.597242407001608 -0.453790206285556 0.404725442191568 0.273347849537362 0.885353872692467 0.328351933905743 0.070546461204843 -0.417689906208692 -0.226061471136639 -0.406975335478637 -0.570476954883862 -0.182536495502446 -0.253190834957738
0.706715392867798 -0.495842507045315 0.341786013944853 -0.35011681261212 0.532743949459996 0.0756633536944575 0.759632159324835 -0.426678389079233 0.621392532471846 -0.155167092985388 1 -0.378115249054128 0.971864962547893 -0.431384213462282 0.467613794727705 -0.0199422108052296 0.668025106547453 -0.33479590046495 -0.10275376379267 -0.41320364374995 0.188969562055721 0.488055270298673 0.136793640629923 -0.0906218379156018 0.525766780519564 0.261006787632297 0.440659979254024 0.259971482843522 -0.136605214539096 0.363038993080215 0.848947691451322 -0.230018253625745 0.763287013561375 -0.444380847778522 0.550034644079548 0.261640246897933 -0.226542606174183 -0.139080823209691 0.05404753702736 0.52060395588463 -0.433726396836494 0.453659980047909 -0.284916702645656 -0.461814839690149 -0.622979089547968 -0.485798241747702 0.0232127586492165 -0.239283040431395 -0.172263109285148 -0.676905183477623 0.364568948820251 -0.666203698548156 0.447263690242132 -0.380098787741951 0.449721757843728 -0.262572330364554 0.721162138843799 -0.578046270753652 -0.243341465948171 -0.722505316924497 0.446600635620496 -0.659902314605815 0.834789050735703 -0.531059247744863 0.433131892900956 -0.706095096824505 -0.555615220453012 -0.451743589801421 -0.533496268069198 -0.311804094753381 0.353282164271396 -0.17674148789416 -0.849958535882607 0.141986765746129 -0.0968214864073905 -0.0665841712586417 0.255386658540536 0.0955314146872005 0.318915676804785 -0.41477043049906 0.82610457488498 -0.528193362286321 0.670276371159886 0.122981168030937 0.774190123954086 -0.573943687654561 -0.160118279239786 0.387341376731678 0.523078252754774 -0.0823879399762636 0.597336172089526 -0.670650394275629 0.272009988118093 -0.59175529169036 0.649784628404104 -0.183089613258736 0.682215806820812 -0.542562123911083 0.690957872182979 -0.63213515650735 0.445241943907306 -0.152094046098128 0.2551056212545 -0.416632212790979 0.182112721664119 -0.778289296998654 0.686265609462559 0.00817027786428297 -0.00451460345782936 -0.0966990087966952 -0.603725680763315 -0.812713852211622 -0.514113738770766 0.0704988441429154 0.0915900502592659 0.00282164084726207
-0.402271388020275 0.888207781376728 0.318576454102394 0.878901737806563 -0.376384100409575 0.150419675890184 -0.0960038288546958 0.933084078103621 -0.304929089411586 0.741759041384058 -0.378115249054128 1 -0.417978455080832 0.9925183937395 -0.455489199000753 0.379214779583224 0.0473899456690814 0.930360112075458 0.252627311439343 0.551042234369179 -0.393843231571093 -0.483604537707625 0.665145288868861 0.808801250746079 0.0767635663466227 0.34266759536395 -0.616967559390001 -0.280021536234796 0.864549944126748 0.471348795008451 -0.55705923306734 0.920537636013843 -0.464537662518442 0.901825556004523 0.3146133421946 -0.137745993706345 0.831202533019626 0.759961178227715 0.405262412542073 -0.55913384124412 0.681487312716674 -0.0956215721181685 -0.577833445229557 -0.406386262484136 0.00530507077049252 -0.29415539483188 -0.668471609396488 -0.438374533046982 -0.511031471721873 0.0592085129758012 -0.80393579914127 0.245456931951001 -0.862637444141847 0.11441875015361 -0.823327667444094 -0.058520632645342 -0.40768525978841 0.847318877260248 -0.271639356441643 0.432867712251853 -0.66266147844602 0.786367740723009 -0.686360664268963 0.874182163793713 -0.799348660356133 0.502005254682432 0.227396116037587 0.148793712050551 0.468128194169599 0.185402839449504 0.0370902928742616 0.704652914277021 0.542309181346094 -0.651005581859388 -0.650058214778716 -0.64046282036014 0.265248727893067 0.485550891798438 -0.613406396707719 0.104482574646204 -0.75870347006685 0.915476622365059 -0.0605753485088164 0.67350115679563 -0.785640312748512 0.793303730535802 0.83133414716242 0.435310601625214 -0.816620851791773 -0.0488710679570872 -0.867487572368502 0.617583340899091 -0.801108463093724 0.13961848030481 -0.0672928011859449 0.721112586001839 -0.424319412050936 0.897032495512809 -0.710020744940413 0.772019388415894 -0.752888028885853 -0.165488127014269 -0.536555781403709 0.271341887932359 -0.691951804020636 0.586808855628634 -0.153469818265507 0.71337394241179 0.323553894952085 -0.0700016712198163 0.0796132858701059 0.134707586192911 -0.261938920054548 -0.362985239778101 0.260979744853074 -0.0128881905162196
0.726532689942117 -0.554816997106973 0.344887258198937 -0.407654944326931 0.589261289761349 0.137980343776645 0.789780300103599 -0.487345949545302 0.69462800391432 -0.127670981785573 0.971864962547893 -0.417978455080832 1 -0.477154575965337 0.565610426010393 0.039431287145171 0.560829652926531 -0.395494049865561 -0.140352316152935 -0.45482563708094 0.269899568739839 0.577837573381505 0.104369688928699 -0.131889027439112 0.577603757013631 0.322186815383607 0.518470344991542 0.331642090779264 -0.166374898612977 0.374531098521791 0.893224270720457 -0.266244990307446 0.791616045612783 -0.51489060816964 0.527315420104904 0.31439510093071 -0.240315327887143 -0.163844728868563 0.0920174406557274 0.604471370695833 -0.393923869572458 0.515361431497641 -0.278864805029484 -0.479719272873931 -0.665935485958585 -0.500946652018053 0.00428745896866426 -0.258966835150245 -0.178077094241545 -0.701531607990474 0.393438746443308 -0.704082204038037 0.500592444627092 -0.391649706440094 0.500472861465815 -0.208083099387515 0.754881708573495 -0.630847507401381 -0.245977395954608 -0.769041939215803 0.48079620340924 -0.731159775963735 0.871345069653269 -0.586764728269806 0.471821542903586 -0.751833371642539 -0.609676022957151 -0.469287272876612 -0.587904523283379 -0.305098103493875 0.376506219327646 -0.181703560894423 -0.88234846324892 0.139053209845229 -0.101838473398942 -0.0682298285376144 0.163554016647081 0.122903644743908 0.304317435884953 -0.427732383937924 0.863030626206338 -0.582323335016086 0.699263578814161 0.0879339122385723 0.81966347883127 -0.609012317819942 -0.17849086318833 0.403863180048774 0.595060936613321 -0.0438792499339712 0.61418055836771 -0.718695055678455 0.331148568820645 -0.550819370916341 0.639377148915707 -0.232910834597336 0.744275588483165 -0.576720979704853 0.716477915673892 -0.71356147338822 0.532727999980016 -0.0791862542246025 0.33917463539392 -0.359125321638204 0.24587671116691 -0.753994368629775 0.716779153799708 0.00514350290380577 0.0377323290177657 -0.0687473126039022 -0.641192829749782 -0.845804056371352 -0.533817499194904 0.0627028278039811 0.029401960445704 0.0130714354832547
-0.423132062223698 0.918288323143289 0.311747191556482 0.900902686294012 -0.432150674597241 0.105062424986399 -0.129130757375735 0.956574274568926 -0.366413390077006 0.707296495481684 -0.431384213462282 0.9925183937395 -0.477154575965337 1 -0.505773549461167 0.329696507768896 0.016951772059273 0.923397870550439 0.28482688208646 0.592926449990674 -0.417622094588219 -0.530588296331622 0.653619539681107 0.807756561261219 0.013048879692764 0.2851809353221 -0.661091647770415 -0.31697060452611 0.844836824913973 0.407457349407273 -0.606398279956573 0.923935972231129 -0.516751668721196 0.921043532483737 0.264414078751062 -0.177891911999016 0.809240522266187 0.722568197991974 0.366665037934969 -0.603873469792203 0.651437384795918 -0.159251369579762 -0.528408492015476 -0.356150979909344 0.0676579706995983 -0.24536024560636 -0.627150221041096 -0.41013841910575 -0.482141793855159 0.11481968325183 -0.8146997875706 0.304595578422394 -0.883955899164218 0.141401451829649 -0.83629908838325 -0.0697189202998331 -0.441718661113108 0.885001182058193 -0.245578443708796 0.488744062582025 -0.678604277389961 0.828317187061495 -0.734593288792242 0.902633450396776 -0.815695623140729 0.556984394703425 0.288852373339798 0.174263137333793 0.524398416157201 0.216662751395844 -0.00567128321919629 0.701835943847541 0.585508956416188 -0.643885014385493 -0.627003443060419 -0.607103247429061 0.257651933423113 0.416796094067282 -0.581346234161779 0.167842092959264 -0.804303604388565 0.931150343410302 -0.133379637523853 0.630867754030279 -0.827747741240604 0.816686732541178 0.804607439003742 0.372005986454875 -0.850913589898883 -0.0712344987856254 -0.891832214086578 0.659197850027838 -0.803291277568217 0.169303283178768 -0.12618803225991 0.727123668335652 -0.482595366287927 0.893830604368049 -0.758941571673902 0.789393583622029 -0.776316928473645 -0.178971143015378 -0.557607071481887 0.262925760646326 -0.695652396759413 0.613711689364835 -0.219813469141812 0.65685208896133 0.283598047029198 -0.0694054730939956 0.127080961967749 0.201753196435622 -0.205962962941855 -0.343903379930767 0.260521790248388 -0.0162734674584851
0.0584002617047189 -0.70951386799758 -0.223926825964125 -0.603173757394371 0.940479784184176 0.736493332345092 0.187943017880665 -0.626800923059106 0.922201586953287 0.140050310816705 0.467613794727705 -0.455489199000753 0.565610426010393 -0.505773549461167 1 0.582454121343663 0.111868307427782 -0.54201736142161 -0.607572582814787 -0.804540687534142 0.765581553844929 0.93339375407646 -0.210497086476213 -0.368645989558267 0.746404896604095 0.588490497402463 0.929389211038489 0.844631763056776 -0.274028175325904 0.384414847014868 0.693831650612988 -0.405558473854947 0.649490068101063 -0.645426088703097 0.120102688425819 0.600186273092376 -0.0772211377222685 -0.0960199730350557 0.548468813806787 0.938411639697467 0.037575130576757 0.722275467439774 -0.231929033334514 -0.18393006264422 -0.762067672228407 -0.513132587984988 -0.0212160321934573 -0.0349431196850829 -0.317952195581197 -0.681928681812413 0.251650122255169 -0.747889462954935 0.522188891437279 -0.40243779622521 0.714636331109155 0.509939813548562 0.149848822276975 -0.766914755969246 -0.548543090489628 -0.859122897969442 0.0440434183697573 -0.821840747052967 0.554746564030335 -0.728095165025531 0.27109061792325 -0.80174786644126 -0.900431583429919 -0.577147301858085 -0.87337617096202 -0.585611472859753 0.588781475210978 0.0249227443837179 -0.572675892016219 0.397529650491005 -0.0440085735403368 0.174549208867373 -0.134873572100825 -0.0465710962372126 0.00612100352958857 -0.707414575798391 0.663139545518486 -0.662797854279098 0.721008359257537 0.181137401570304 0.655295499697935 -0.604219894847928 -0.0336683842993225 0.425997408701723 0.804674283910934 0.464228504212863 0.508975067143422 -0.730079854196426 0.386599477103387 -0.216435642904499 0.417745173571463 -0.170428255694014 0.796474486449239 -0.319983954331349 0.645934821255883 -0.503642254953118 0.727802465929185 0.53482867661301 0.742192022544905 0.327286176357719 0.524862802482407 -0.379750907611971 0.742943098680055 0.0765882142378553 0.135078361186378 0.248796817186624 -0.662984133723117 -0.617714069952229 -0.316300242232488 -0.0682467028795229 -0.422386176076239 -0.225853200333246
-0.405091660909209 0.0192771962630055 -0.0869599102930373 0.108879307751648 0.581006344551311 0.931911711197603 -0.0972045249374302 0.149402971488287 0.596778434585023 0.80671225401334 -0.0199422108052296 0.379214779583224 0.039431287145171 0.329696507768896 0.582454121343663 1 -0.046809380842681 0.271841103114005 -0.463077513431422 -0.347946304435267 0.437918249092375 0.451690875716848 0.26062747529946 0.268309464605498 0.733813585651388 0.851030100885563 0.420030391197054 0.610499679753073 0.441638139551842 0.682823411962114 0.062015154240518 0.322076086638911 0.106073555421609 0.102480535433298 0.245486791153643 0.365196861076973 0.61581362559078 0.559056713236732 0.91856860788479 0.467981224190856 0.736440418603673 0.574351557979715 -0.654682852738101 -0.400566378891519 -0.688526031739919 -0.632464438052053 -0.606511154624259 -0.28859651627201 -0.679669526740042 -0.538595584705272 -0.422208428589565 -0.464252886706728 -0.236148859193652 -0.20337218583417 -0.0222083644241882 0.674809516654881 -0.329141802667572 -0.0635967245693646 -0.693183641050493 -0.432264184406586 -0.531218656980599 -0.130225828217724 -0.131512594055824 0.00718510634873432 -0.399375778596762 -0.332170656824583 -0.688841907664049 -0.365809634049477 -0.488110182178524 -0.382194161504118 0.587508573691369 0.587319148293992 0.087532462211526 -0.180352223670622 -0.511834311768641 -0.342343965140142 -0.139267277556739 0.395165641440179 -0.625238543183233 -0.602896273162452 -0.0877966811791581 0.139669968433513 0.631800097033179 0.660053294987275 -0.0964883881524981 0.122269668753236 0.672193303963008 0.712357163739372 0.0889122305733719 0.563172472865318 -0.27812393030683 -0.117319145496821 -0.293328293600547 0.059285067357912 0.263786680692153 0.387733504778694 0.355960972053413 0.499919709156537 -0.0553880732944915 0.209462044028621 0.0598397680796829 0.584700197206089 0.303051243064425 0.765863659647785 -0.0511738610523103 0.251819518198438 0.481953022952251 0.717222198976016 0.412915668150205 0.235237570591894 -0.493674666238825 -0.35619599817947 -0.39167031046143 -0.354827567877399 -0.291492698566495 -0.212644981732105
0.319934414625257 -0.0498682037955199 0.373343959649288 0.07977277574788 0.293189718154094 0.0235152888161631 0.5299434438964 0.0456687013048762 0.345499431819804 0.0332325241031474 0.668025106547453 0.0473899456690814 0.560829652926531 0.016951772059273 0.111868307427782 -0.046809380842681 1 0.120242335140828 0.0506546615688634 -0.123506671608548 -0.119246400608243 0.161444522542531 0.402539384638843 0.26181737231574 0.426394343558643 0.270168896159851 0.0391175958111365 0.0171455567662411 0.199719385502722 0.46188655546759 0.520923761838756 0.181645406992565 0.572088367493635 0.1105656673577 0.659336130807075 0.263854961376392 0.202393042838072 0.223528440193088 0.138079145300437 0.141462822169598 -0.253042947206765 0.283619514347115 -0.377916640186149 -0.465641237184085 -0.435089558436251 -0.570336298502443 -0.0682028557697611 -0.268862291904125 -0.446414180308646 -0.565004894699571 -0.137766017988661 -0.488930224435228 -0.0379760841438096 -0.418432954818759 0.0213980936908289 -0.392090207449483 0.344597026113131 -0.105269226468282 -0.441862099474695 -0.411154365749779 -0.104238224866081 -0.189097387043055 0.310435263114619 -0.113003645682228 -0.123690970627878 -0.42710002509743 -0.286682423404014 -0.322860387725705 -0.168359720846603 -0.240619860466473 0.411709789640012 0.265605437449324 -0.491504387696702 0.10036397346165 -0.18996360393993 -0.160617569960488 0.610525238114215 0.1660523728357 0.138095073308218 -0.309526769057204 0.358086585099996 -0.0884093938383317 0.473124124560544 0.498670944591531 0.252783717360767 -0.248186975327844 0.161045322144301 0.475402951487484 0.0450742810979688 -0.225254705986294 0.182014334208625 -0.332825127176917 -0.202908346638384 -0.661396415077092 0.6150815145139 0.237176721025779 0.310424362955455 -0.0601217717153443 0.312587470334984 -0.0433457740714669 -0.042220793359871 -0.388237816266439 -0.031226559974239 -0.377383772785736 -0.129615800622872 -0.503221253927033 0.470005964591486 0.182899888398011 -0.0114451569144762 -0.298267144204853 -0.481246946583743 -0.52868328503047 -0.560611429982252 -0.0897204954912055 0.15599962273499 -0.237495248695257
-0.258900423531136 0.827316621866943 0.421394039696958 0.847140408073485 -0.435001158969939 0.0785961662306982 -0.0272376601200169 0.902323104979256 -0.350128969206937 0.699662681523341 -0.33479590046495 0.930360112075458 -0.395494049865561 0.923397870550439 -0.54201736142161 0.271841103114005 0.120242335140828 1 0.332945658762968 0.621344487806568 -0.453508382060229 -0.611569953419372 0.691676186857142 0.834494435918253 0.0258553499362398 0.311196636922872 -0.693935963623801 -0.428330840460179 0.850202222889638 0.40149252599369 -0.559261769801267 0.894130695363305 -0.430136871995098 0.906170636347981 0.374715189537337 -0.204329683889774 0.777971381008357 0.758340767269237 0.296891433825468 -0.589580876925139 0.624475832880907 -0.166637961965118 -0.529321082963056 -0.382585352760913 0.0572206370841558 -0.201732933621601 -0.702483038287011 -0.420214684558999 -0.479230616353907 0.0820776478132609 -0.793861964923332 0.217948353765894 -0.904273594941132 0.077185729373726 -0.923552245408558 -0.15671483288201 -0.265995619139834 0.808105988423475 -0.149341580533653 0.456001860051898 -0.562478433262571 0.776837541282387 -0.661367001041353 0.807254250510918 -0.775470512222682 0.437881544287958 0.285982076839886 0.301076484048722 0.516763650924892 0.36315315191241 0.0452945285598076 0.669536760153762 0.589737028116004 -0.703983987152848 -0.560431676886803 -0.639122443818423 0.156404545334324 0.553158370760873 -0.625219702539316 0.129329379169291 -0.72880280356636 0.886074444332991 -0.0124770301620304 0.609584355039528 -0.780473343799948 0.706891117491021 0.766173196834876 0.401738208160417 -0.87149324901268 -0.168379757350629 -0.867637774840841 0.563742186359941 -0.845399149604489 0.035179300751264 0.0178096827331671 0.639310680394492 -0.474317671172771 0.845913189346523 -0.7199527063115 0.74671032212386 -0.846801195437243 -0.26153914884463 -0.603715346879412 0.219124375440862 -0.745868783421456 0.517016764446367 -0.242566783096074 0.721168452390854 0.204750699520826 -0.157787182133081 0.0223333711308281 0.136617038856723 -0.256977947321944 -0.432038685339173 0.161374120503078 -0.0972565065246051
