1 0.0672771598772138 0.849240506157079 0.233709325665366 0.195900689960483 0.0787105821709518 0.894494097404809 0.015399500869288 0.357397116028751 0.297408255308271 0.714002964014768 -0.199808558791682 0.772251319174888 -0.154237218271835 0.187365493381902 0.0303677293105157 0.339276445604326 -0.106395464436104 0.423088583534376 0.328000799539424 0.0291797219472747 0.0752808528728405 0.498249242147863 0.641367938581311 0.449402045493038 0.282750627875271 -0.047704815755076 -0.105206250351625 0.415615211835324 0.113600453878088 0.252465792092287 -0.0848401915800939 0.522303429739545 0.0471950894912494 0.375529881022278 0.0979795942326216 0.267705723621834 0.317734171786637 -0.227075019078733 0.195295882689064 -0.042910801385721 0.508618823649617 -0.417388246237779 -0.32446832166062 -0.459434949436054 -0.437765569067972 -0.280022918820577 -0.0924978699392229 -0.391813903819742 -0.443709228137897 -0.264971217067693 -0.527280873806188 -0.224896572536244 -0.367209998276961 -0.06100648634557 -0.211002161048184 0.914506269815208 0.0542782058033291 -0.162272722702638 -0.278452017946258 0.127670417084681 -0.412982670149968 0.21220467702144 -0.329129470821193 -0.16769231392547 -0.539484390545149 -0.356847349189547 -0.198085693897211 0.189237591006384 0.379424534571834 0.0157397753841092 0.122695737224787 -0.385670700529616 -0.338502994067104 -0.138859822907278 -0.308997957223093 0.24234431816873 -0.164334179620092 0.32185135673982 0.336396706000622 0.326079015709305 -0.374690034830322 0.469800060627625 0.187235240731231 0.30483753827098 -0.502147251258279 0.172459106310789 0.189671827477968 -0.0759297453369723 -0.344562174222586 0.021380452675548 -0.529606721395527 0.0125998571836736 -0.163967296738662 0.153938688192416 0.0647584966848433 0.381281514482222 -0.300702789979002 0.0601905565706338 -0.383694265734899 0.0915041294413294 0.00537272961430562 0.0990632634876039 0.0229844856437901 -0.00529258498535392 -0.191954954708992 -0.0967901413446173 -0.493464824959534 0.0944302154307993 -0.116480622775483 -0.215802395405114 -0.39363383614502 -0.472404251269949 -0.0766405765695401 -0.350691566904133 -0.160666996826985
0.0672771598772138 1 0.191090664457829 0.876312987230174 -0.276336204934443 -0.342306027223987 0.0513264591777714 0.928843076376581 -0.224684552796543 -0.161165956789565 -0.173646316481004 0.609131065965046 -0.187291423370261 0.615852773972592 -0.596503135025853 -0.486137329903934 0.649278693829342 0.763012698297133 0.755607888923435 0.69436260254394 -0.694168819285977 -0.575132531471622 0.450914546397967 0.202972436526626 -0.0921091776759496 0.0701715274396823 -0.730610108521153 -0.715383233805778 0.569717361125244 0.614382099664579 -0.453751180983769 0.477448871107435 -0.486931510376721 0.583911610870333 -0.389035321605799 -0.209330834120173 0.695908952952627 0.606493305451972 -0.238598631702607 -0.652882490038134 0.731554334957549 0.207582816077301 -0.205291813819449 -0.26971383832366 -0.0181200748230422 -0.304963187765067 -0.169333809355287 -0.58910751279171 -0.332162038225845 -0.247437409574323 -0.513154742747506 0.00124041908282135 -0.559054951448811 -0.321282409670226 -0.848681778775594 -0.793362676706471 -0.00975190226993624 0.987597555356486 -0.10836463847468 0.280087924861735 -0.584375160245525 0.572964750894271 -0.691222671458575 0.637057370264021 -0.526568889364304 0.310263836379149 0.327840873750559 -0.161675805406197 0.792932587345611 0.791292896240845 -0.649831214056993 0.0851955232264407 0.510881562727161 0.138059052272693 -0.611518438780398 -0.207496328203753 -0.565200228499209 -0.281972133757679 0.367890080522694 -0.00583297371817 -0.73627704615142 0.308103516203391 -0.0254236474847587 0.255619253384384 -0.708793130453663 0.372270535868871 -0.0679001595437208 -0.3505084358263 -0.87939984468573 -0.721497604246613 -0.371403697229547 0.497401800949471 -0.784478023440082 -0.699571695183833 -0.383076569055616 0.0569318780108138 -0.420390263397539 0.776433580434868 -0.0878617902390995 0.706993336374229 -0.763071789020301 -0.717805432970809 -0.758516506984469 -0.69092727492546 -0.827435533571912 -0.670944041760266 0.494563894416412 0.094992274065996 0.0104953498604737 -0.126359723042932 0.549885592847973 0.394411252445788 -0.0964992137434706 -0.717724315612063 -0.251841182391721 0.0149852473644977
0.849240506157079 0.191090664457829 1 0.487395919162044 0.446767062874152 0.322434256638657 0.931772324470487 0.236977660720707 0.569302440374273 0.546230611060321 0.627363246923969 -0.0378767310083793 0.700935807132578 0.0531292374461394 0.27477209136467 0.195725941533065 0.285365394874415 0.105166836212183 0.50269714698333 0.401774937155594 0.122974392496058 0.179512215503594 0.808761828317176 0.919898392174747 0.694610608036125 0.616820819473225 -0.0436692447158358 -3.92041152071168e-06 0.547431894737011 0.142552475445782 0.281220018941364 0.188854269172088 0.385891705541755 0.197039502732045 0.452907460051019 0.198659924575218 0.490741218145313 0.400232947166954 -0.0107792611142786 0.198839696224949 -0.0341765345602789 0.490750279106445 -0.647292496836775 -0.650186490098546 -0.675207056500935 -0.697295454928025 -0.486314317118077 -0.397223204043724 -0.688595689083187 -0.693874333395495 -0.613632598146137 -0.676179325880754 -0.550744082121716 -0.497062828195724 -0.227442595259812 -0.198571373161262 0.687246649096417 0.180810919602068 -0.438165483392852 -0.464293596925542 -0.248987003821429 -0.473257476581522 -0.167687318780302 -0.279399579839448 -0.534128057887647 -0.647007260686532 -0.496090386170843 -0.450190599546568 0.205477969186754 0.42137714289901 -0.0893262273507147 0.214982274441302 -0.214633474143781 -0.376615949222257 -0.149315086395403 -0.20746774184311 0.290499381218077 -0.0116609154548215 0.245875105466254 0.469642593050674 0.0131503356919067 -0.261545806909111 0.680403714196129 0.510842393027427 -0.0186566498458252 -0.361621195308837 0.444487639584117 0.390592085148205 -0.234398590142782 -0.29644365956263 -0.338592781552156 -0.484324929096943 -0.149605027860489 -0.117455729070593 0.222056875000836 0.163437413267939 0.316723937557104 -0.0400446579348004 -0.170152809275894 -0.22747628993245 0.071296842646021 0.0841140405009177 0.0727828606899732 0.128307776671221 -0.0636301166888985 -0.147881527620259 -0.120275941608937 -0.466018667225508 0.164293950617781 -0.0156022445953066 -0.351521340491351 -0.471954962025027 -0.592708420309243 -0.0242857234802784 -0.475554143492194 -0.35594896767416
0.233709325665366 0.876312987230174 0.487395919162044 1 -0.000221082463967308 -0.111366301478115 0.301473042738377 0.902823184373134 0.0697794570343924 0.120604933802303 -0.0831929447650594 0.445388690587697 -0.0198885680840656 0.530350979938111 -0.365339616258372 -0.267903816368169 0.580480637483948 0.608934280866589 0.823471614467689 0.685628216154224 -0.484265718188265 -0.330995133799308 0.761599691248567 0.524311561730884 0.230009727291457 0.323338016817552 -0.574702613985224 -0.563184727159351 0.550586755997189 0.569599545372738 -0.194761254659526 0.425371664513241 -0.230959676494288 0.543131479341984 -0.171755057013586 -0.111166112865157 0.723310333235278 0.634062218543136 -0.14795127258154 -0.458135835629858 0.553554783055162 0.264042515369475 -0.470137590840443 -0.54882816261077 -0.25886736260272 -0.507806952445608 -0.320332355097624 -0.709223879955232 -0.542417495226529 -0.470969073040873 -0.691206457861248 -0.34940614728973 -0.70724899794486 -0.554838106484991 -0.779811227720926 -0.700869412104721 0.131302569780493 0.873936472666816 -0.258030386389038 0.0878923100961263 -0.623949030184347 0.27021274612064 -0.717560428681128 0.333857590719796 -0.674260173970201 -0.018132397152514 0.0901477761384724 -0.301819237020402 0.761464603786655 0.79170098620089 -0.476913440621788 0.0252470733359218 0.391243769721663 0.0874624892602458 -0.468375391576643 -0.148103662218748 -0.376886169027367 -0.220686962070341 0.4486193316968 0.196742973011223 -0.661848158123779 0.082656110119957 0.214845535882552 0.423477183032306 -0.677452738988903 0.112519844045221 0.188928854878142 -0.101769564666093 -0.793277287563939 -0.673564759752301 -0.51202886319309 0.176174627581252 -0.698965347973626 -0.594294208652567 -0.24068417428965 0.0420862417051841 -0.289448442711811 0.637931259044834 -0.223605222413722 0.465698159020823 -0.551008822978036 -0.512396046971154 -0.554958709727664 -0.465924724817233 -0.670393372642289 -0.550797397144689 0.32925405024297 -0.14820706021954 -0.0364818915468945 -0.0936863102632374 0.246857539153714 0.135712436078023 -0.341294922225868 -0.538022501831922 -0.427274982525306 -0.231718432002677
0.195900689960483 -0.276336204934443 0.446767062874152 -0.000221082463967308 1 0.917174325785175 0.478978400784414 -0.081288044891057 0.946219175013701 0.855711345825612 0.422422684459017 0.0609651594298545 0.525620502007934 0.112943421644489 0.828877425741074 0.798187219602123 -0.215935698841087 -0.089037679175237 -0.106523901721877 -0.202247465729057 0.751582756473563 0.869222350228387 0.512758085369652 0.630967262162972 0.869851551158144 0.838072280081807 0.672980328915419 0.692200681514357 0.138624427594479 -0.0881268667625378 0.409953827957377 0.143698620795039 0.37867439843953 -0.067659409568945 0.646688625182525 0.577616919062708 0.20972237031749 0.075458173896023 0.662894434029173 0.702319067488498 -0.261311392865195 0.0690771516067781 -0.628186338988934 -0.49633503414985 -0.830470428625719 -0.564928535270791 -0.526235989158236 -0.229630336058324 -0.669903441334044 -0.661942529474056 -0.506245553900815 -0.568210861183322 -0.335857604622209 -0.176647981247379 0.338180866130767 0.416902947288561 0.17016291093126 -0.239716585550769 -0.703649163309795 -0.781526073101137 -0.293876028545049 -0.678762420974754 -0.0429267144375516 -0.299124051487875 -0.490896279495904 -0.781588620238956 -0.7528526189347 -0.358198134253359 -0.338119925262067 -0.135401051382053 0.265128610494386 0.0396917690099842 -0.454809217191973 -0.492829275349422 0.145944230076488 0.0655068321833471 0.766873492472812 0.479114036328619 -0.0267890432003188 0.517198974367915 0.200848871767299 -0.00644068158272582 0.822260759428406 0.724707270355729 0.147261771953748 -0.122763865178503 0.84391963915274 0.816710631845369 0.33545485170686 0.39244572881495 -0.450521400999551 -0.556625459655987 0.200200243057881 0.542090592840589 0.666927969259102 0.400652085900497 0.423210753281429 -0.160918622313363 -0.335819762746793 -0.344940652153212 0.481092976036537 0.663110260362625 0.521958099083793 0.669650490927419 0.397452925742555 0.437922173085845 -0.463644634416275 -0.140813325623908 0.280720893829618 0.308550551025537 -0.673609153403448 -0.789605553986191 -0.284380262342698 0.571886973802475 -0.18046247295391 -0.409714667332232
0.0787105821709518 -0.342306027223987 0.322434256638657 -0.111366301478115 0.917174325785175 1 0.339398617128171 -0.0986574675432307 0.866798819958259 0.909049019768579 0.320775406153499 0.210636592849993 0.375857790974676 0.247736039476399 0.857764536668088 0.925438475562703 -0.423467694008392 0.00394804796695082 -0.283194420492171 -0.220418960529079 0.8450255906051 0.848435651624615 0.377768404077788 0.55130879651221 0.793798381709697 0.862521325436928 0.668098896206193 0.793077099577238 0.121117093057968 -0.176848221255605 0.331652171438099 0.243609338977581 0.254687681942216 0.0621339749146373 0.755233240504211 0.649380999706177 0.0633158361843276 -0.077965268688773 0.773346676323753 0.631762925824598 -0.325295386398331 0.108114350492402 -0.539064748065859 -0.479109843668151 -0.750464067095927 -0.418100715678458 -0.569452246062186 -0.12562949185576 -0.584927887748474 -0.578553809472995 -0.417535085867151 -0.493993286088164 -0.303769650036889 -0.0577414624898597 0.322060236762024 0.59983647026917 0.0960895514552901 -0.289960573437619 -0.624717445198314 -0.757822065330677 -0.216331442230904 -0.639301380462567 0.0152299395186293 -0.223867009792222 -0.391551041132228 -0.70526912072465 -0.692508048114412 -0.181691316490567 -0.473791335934694 -0.205595045363528 0.246902895053896 0.116469309143585 -0.459019628301127 -0.571712673871767 0.226585796466867 -0.0372892542583602 0.774157358707869 0.627139405853469 -0.21611879920599 0.545654805465758 0.149455604984283 0.228318867692558 0.805180835867258 0.746297333676148 0.124866137433004 0.0547347833617438 0.83813725982679 0.914364417250955 0.324531505893245 0.589684625712052 -0.528862451930279 -0.45143840248883 0.191052932099779 0.625584534412309 0.674515204666291 0.353844469094803 0.385408137658286 -0.164992912769608 -0.445038694201499 -0.268041353657201 0.461209014777295 0.716353502998961 0.484302670676183 0.710972416697102 0.415538215408626 0.468982821369632 -0.541934083577186 -0.0226293536191077 0.252007266174858 0.345941961250474 -0.710806562959046 -0.796182751612801 -0.260816357977425 0.635505587100629 -0.135089392129637 -0.360605361646817
0.894494097404809 0.0513264591777714 0.931772324470487 0.301473042738377 0.478978400784414 0.339398617128171 1 0.0966294808125929 0.600264028176837 0.521932486565792 0.807999455167952 -0.0794375940556839 0.879357961040988 -0.0358081635949485 0.352372699089957 0.216161462042984 0.319857381026234 -0.0393675317296055 0.356439738619005 0.216697074034544 0.189987218792195 0.274431558403549 0.698918219042403 0.833074824785506 0.704748842301355 0.550208264669427 0.135980071676051 0.050093668785868 0.513483002218343 0.143859575893723 0.382973753759056 0.0468182015085649 0.494357128953702 -0.00504639634234731 0.51134034306447 0.291825673608921 0.414561240694819 0.362374567925962 -0.0116998012754219 0.368866007931862 -0.0787977344451258 0.469520424055972 -0.576321311396676 -0.439957806234368 -0.716052747182815 -0.677958636647384 -0.410446455262848 -0.206020438509251 -0.645334995878287 -0.670892522262149 -0.471389732928558 -0.599593068173984 -0.348869389422641 -0.364845833789516 -0.020469532954889 -0.126053611695989 0.773458084748559 0.0382765162618533 -0.49552266916529 -0.580551829427904 -0.115066391752449 -0.554677928790657 0.0769335708777815 -0.274627937652744 -0.410638933604812 -0.704791651016803 -0.619776985808484 -0.424343492137199 0.054777105644398 0.27784612972921 0.0691289662329315 0.0986968946652084 -0.428006503023763 -0.458559976616765 -0.180931897361177 -0.238041048539101 0.41458478102139 -0.0357461713888885 0.291583354315045 0.43491954133765 0.269673005490754 -0.293149236267494 0.686602671788394 0.441479766628844 0.240392999662335 -0.410501364883515 0.402863814013309 0.387257059225515 -0.0448580332246167 -0.244595790076846 -0.139675773234815 -0.546075443763976 0.0282793090979485 0.0226774330276963 0.361780534345725 0.294134674037757 0.494000521357361 -0.204472936072798 0.0186058068922984 -0.343097552624792 0.199014575744426 0.199934005604225 0.211391029345545 0.21504005176068 0.0873054327722668 -0.0253305589931538 -0.169574848246969 -0.393930250849336 0.250900697765064 0.0636773048908617 -0.329681159356472 -0.546851954716262 -0.490053508512661 0.0921824216510043 -0.333890969697761 -0.295123983649701
0.015399500869288 0.928843076376581 0.236977660720707 0.902823184373134 -0.081288044891057 -0.0986574675432307 0.0966294808125929 1 -0.0380653331031576 0.0904936660160133 -0.173697072933598 0.739263131782176 -0.167201131623139 0.786675766001497 -0.402834039079068 -0.239211854529256 0.502637437333399 0.80425401542131 0.635255168592626 0.642123087328231 -0.495750178394671 -0.386077268131851 0.583529932244757 0.347012194978312 0.0990492912588559 0.297646970815335 -0.605435502835868 -0.561804720288422 0.598976712414991 0.653675362425531 -0.367298944133113 0.563850395920668 -0.44434837908322 0.659959334438969 -0.158659179702666 -0.0174410981329928 0.659583011553016 0.553434634870908 -0.0534442090747562 -0.54933819606256 0.629337967618131 0.157573014544977 -0.344943602718246 -0.403475485909135 -0.150270917144139 -0.339772135525427 -0.364318023522541 -0.654710864464058 -0.436725354470712 -0.340010946284613 -0.588428935915772 -0.106059638789912 -0.649168282973995 -0.352580100198625 -0.812977989524582 -0.649466003770885 -0.0158888215773111 0.946285259171655 -0.207819855779906 0.143727351816657 -0.59848946237187 0.453819986701938 -0.674745519165255 0.641390603159391 -0.583650176542754 0.187239175139868 0.210342901468962 -0.107363388767745 0.677867691879603 0.768151801753557 -0.572210109662839 0.0483525054404087 0.406755169462939 0.0158122201415273 -0.546893388978299 -0.263917254268309 -0.417429024001974 -0.145386270727541 0.316372959109012 0.15664173406985 -0.734642179854774 0.422774548817054 0.161228925845053 0.468505303081631 -0.720806999504093 0.426844142015604 0.152945460511736 -0.101327172748458 -0.83969274213248 -0.577019421183619 -0.533550921985451 0.421319594787211 -0.809924785705362 -0.595303987067704 -0.211429330987563 0.167190285984096 -0.318442507451627 0.742686178493543 -0.187133601549039 0.660062856463843 -0.704674588682291 -0.578774897977927 -0.70569318543678 -0.564170569744197 -0.777328809534531 -0.612523448902318 0.300085494154502 0.0728908768826784 0.0229986505307132 0.00674892722932724 0.401300686973521 0.200000559208498 -0.182559287980523 -0.601311970153149 -0.363917804965467 -0.11523281095176
0.357397116028751 -0.224684552796543 0.569302440374273 0.0697794570343924 0.946219175013701 0.866798819958259 0.600264028176837 -0.0380653331031576 1 0.898879075592985 0.499104422471166 0.0416428968434386 0.629985903649444 0.125803892668124 0.855332396231023 0.802995139222122 -0.168629729078071 -0.119023257515061 0.00477216161743054 -0.141782818949067 0.72327520060337 0.813566750592617 0.587966517509714 0.706386022884424 0.916804888655833 0.848163132641027 0.621497690613014 0.652585712267823 0.183365750175531 0.0150820556483914 0.459183156761882 0.142098685313899 0.415132742604219 -0.0307985972981668 0.63205047205484 0.49509584485606 0.236262440353974 0.131254476596499 0.613403960022701 0.64348749157444 -0.249966925293476 0.144637259039771 -0.687199690036396 -0.525295503689924 -0.830781170454858 -0.583364279276862 -0.551019159685475 -0.26263725314801 -0.661189930778692 -0.660673779142214 -0.474634606070598 -0.639588319842215 -0.298558957090032 -0.236593844034456 0.296434775930053 0.341587755744191 0.365778851955036 -0.188043366046672 -0.626406899389593 -0.705063177008624 -0.19869069584627 -0.680492017089418 0.0282138579859429 -0.332710190044655 -0.452052498651609 -0.81214345566758 -0.732295521696074 -0.372375501001747 -0.288572441923672 -0.0369179363103886 0.310263506925876 0.097051390857912 -0.551480778246686 -0.580893318235892 0.0140438760546111 -0.133350782148177 0.719070319490661 0.384613975024367 0.00222575787775712 0.482995485070893 0.246595310883958 -0.0558102511359809 0.864971483129677 0.744194713445009 0.22472914777581 -0.185975700131398 0.893565774152752 0.843067157296487 0.302246280361045 0.305284353210752 -0.414864750966179 -0.626299410430171 0.173075087638053 0.477566264306556 0.71513843200887 0.405031445515744 0.395568831888202 -0.208130883938031 -0.382607098167234 -0.409795398374311 0.429865970277893 0.604574264701968 0.471718081692056 0.605440201024925 0.332993396805446 0.341356504935521 -0.398142499540464 -0.230992441990141 0.211469748390258 0.324271362798958 -0.656749945416166 -0.823169315186933 -0.300515557785518 0.487718538842646 -0.254378143778805 -0.37443611461444
0.297408255308271 -0.161165956789565 0.546230611060321 0.120604933802303 0.855711345825612 0.909049019768579 0.521932486565792 0.0904936660160133 0.898879075592985 1 0.397421614973535 0.281490922672442 0.464595618312927 0.377534311768131 0.816740260030199 0.882236202045407 -0.274149827546472 0.109138785157354 -0.050183985818181 -0.0520215064909746 0.725770862353935 0.716878330827281 0.597567432577855 0.746257052234918 0.88421899854126 0.938096650585589 0.480675954414669 0.651496672713194 0.247211860205056 0.0651906156351574 0.331082310331527 0.32957568144065 0.249669724345937 0.206349464391122 0.757728290022388 0.551518723059502 0.149064095180618 0.0237939384084664 0.638455849157437 0.460552072199068 -0.305478499936623 0.1527649303339 -0.691247710058269 -0.635202897396125 -0.750934004036921 -0.469515306907039 -0.707978497297999 -0.330986808615398 -0.623825398148349 -0.618364810846804 -0.464770626102183 -0.635725841165375 -0.409190300892329 -0.265478342237162 0.111797353355618 0.37851191437828 0.334124767630155 -0.096967853891784 -0.531368844577083 -0.634230792261095 -0.186066995875621 -0.604936622741113 -0.00751240336921642 -0.201576086032771 -0.416704141246099 -0.745903869500845 -0.620519498366506 -0.198048527565216 -0.299149491223715 0.0437744713147799 0.232555077139538 0.177429711098207 -0.514182709898144 -0.634961539252643 0.0635695014477824 -0.294340942851614 0.652568950129785 0.488169994440653 -0.138391737551325 0.557317623762218 0.0951192721830776 0.202789455612485 0.908376486495298 0.853074911777721 0.0781952531309133 -0.0224177283367364 0.920217498101247 0.954513690466587 0.133054912135865 0.349751369668906 -0.575937743860543 -0.501954519785143 0.0212737409699063 0.405521435660889 0.687253028863769 0.393482352486684 0.38670246555501 -0.130941139495434 -0.488991661406917 -0.26446549247614 0.312233810057981 0.559814425799068 0.330278989039103 0.555627594462913 0.219789502097751 0.236003795500086 -0.513848645100899 -0.190758801036191 0.160152195548796 0.275691272465297 -0.680660753618606 -0.820284033667942 -0.388809845805694 0.438899185477604 -0.380298974138686 -0.391300262375081
0.714002964014768 -0.173646316481004 0.627363246923969 -0.0831929447650594 0.422422684459017 0.320775406153499 0.807999455167952 -0.173697072933598 0.499104422471166 0.397421614973535 1 -0.0497814784727925 0.932629070799723 -0.0823472869318752 0.416346123859635 0.240612833199415 0.306910912124983 -0.139191331347529 0.104888307404656 -0.00597817041203493 0.270112743789882 0.324412271327355 0.360829437887276 0.545568072669017 0.55913523902958 0.390847202870116 0.280560795046447 0.180060772625496 0.439045425674871 0.0833961908238724 0.467592584931773 0.0724646670415722 0.500910737017512 -0.123453924130567 0.476343162316356 0.407646790733502 0.188165046227162 0.149175531218753 0.016851328627287 0.474757180859418 -0.137726637000683 0.395574638406245 -0.427883275400615 -0.163179903392191 -0.613384370675386 -0.477245625982519 -0.303738951544161 0.027121003737893 -0.452143732680061 -0.481784074029125 -0.224711956428428 -0.326449729591921 -0.0705523546930928 -0.076884023031124 0.203676335484483 0.0430600311867249 0.657592898290099 -0.203695805487675 -0.420028982323717 -0.609874173549802 0.0523801284227717 -0.575747375430266 0.349304771941092 -0.207501641939272 -0.159955190382996 -0.600428847146963 -0.570548219921986 -0.257278914746541 -0.194243653340993 0.00597805806056309 0.251525727417564 0.216972954092269 -0.565023625824007 -0.523177851541659 -0.0827598687899807 -0.154636311805395 0.581014368838841 0.144972095029596 0.13949545769864 0.291920988222028 0.499877160927536 -0.163199887855894 0.574854301915518 0.280696588505447 0.475808829015629 -0.307257617556767 0.265059995239774 0.323555322211209 0.189664734275205 -0.0296770317229994 0.0557415256575639 -0.486719753586058 0.20517785130225 0.197967584956205 0.470929787719271 0.421053418202573 0.500684991633312 -0.384711207778628 0.0751029089777748 -0.416143641487518 0.283416452315601 0.3065445242878 0.318470553025305 0.28368758923269 0.229202053102702 0.11130552680146 -0.199485621661087 -0.290684145791228 0.324815603843178 0.0109126652056595 -0.324875285223442 -0.602377032564306 -0.36448240498137 0.214401192621434 -0.0984286856375509 -0.0914412310481255
-0.199808558791682 0.609131065965046 -0.0378767310083793 0.445388690587697 0.0609651594298545 0.210636592849993 -0.0794375940556839 0.739263131782176 0.0416428968434386 0.281490922672442 -0.0497814784727925 1 -0.165542673270598 0.94110293298528 -0.0972589180737759 0.125089811904456 0.197328410788741 0.867198778959355 0.190174638485751 0.372958598363234 -0.15045734508743 -0.154916265799715 0.277716771902398 0.196003076767196 0.121007819525883 0.422864735743603 -0.325006043308009 -0.161380523884312 0.571310007390779 0.472809733680651 -0.334925404040824 0.726324192334159 -0.521185145297232 0.659054451456583 0.111904307382758 0.295866901043763 0.368827592025772 0.234594013480855 0.289733389363614 -0.355241710102668 0.426808797307452 0.0914875466116562 -0.246919246477599 -0.270718449758078 -0.185440704526164 -0.155424323785418 -0.501498891923025 -0.431610362266546 -0.339026629846127 -0.258820889728494 -0.399834639171736 0.0766525276872076 -0.485809123899216 -0.0383189309265349 -0.558489003418073 -0.225984015158985 -0.145531757654969 0.654191833434431 -0.255058575384898 -0.0631631244559395 -0.464625919507029 0.316478857417669 -0.401426438881573 0.760697784788073 -0.394261821514636 0.149661189133592 0.101271722580399 0.137112964203364 0.239346387914789 0.44831545574128 -0.397591107982602 0.226341367598078 0.15482631225222 -0.277034791630537 -0.368453874862746 -0.348475336236755 -0.0930571933193431 0.257682142895582 -0.0588901220754514 0.16173049068845 -0.538590964426507 0.842508700950292 0.29827922830796 0.588893625938669 -0.521811416963858 0.705198319116842 0.272159774976486 0.190157123444192 -0.578289756982481 -0.119454142938886 -0.565768932123899 0.479836638862529 -0.639069663261836 -0.235093673380583 0.113487927166678 0.40772932955321 -0.177529052320954 0.590712771767209 -0.254449647121396 0.643250281879707 -0.545697775339594 -0.260346304638107 -0.536643306645837 -0.293507796629781 -0.567015935382395 -0.378117068925673 -0.000739156367628528 0.342063767149129 0.143376811311404 0.0823833128627657 0.2274793358282 -0.016051882392854 -0.0517155701109119 -0.309072384557937 -0.215843625517978 0.0266260001097742
0.772251319174888 -0.187291423370261 0.700935807132578 -0.0198885680840656 0.525620502007934 0.375857790974676 0.879357961040988 -0.167201131623139 0.629985903649444 0.464595618312927 0.932629070799723 -0.165542673270598 1 -0.157586201472968 0.496902030660987 0.293184547636091 0.27966542112846 -0.254132372711677 0.149425295529312 -0.0355892891953984 0.321827472337101 0.435027738405062 0.446739504098277 0.611149315635934 0.66246208890397 0.434886350954199 0.364514996752448 0.208591433774442 0.36584153337556 0.0842157196042664 0.504472208358466 -0.0586242750260449 0.58248535402955 -0.220135042212736 0.504089145471939 0.398812349742133 0.249211543265516 0.247474640393516 0.0485070951166379 0.583989290352785 -0.136218994295593 0.381716258811922 -0.50594727904766 -0.218172349488422 -0.699530892873631 -0.574995509405836 -0.276426626251506 0.00618567702048926 -0.526011689068864 -0.564061566352233 -0.280514789576453 -0.465614895828947 -0.0724317398538702 -0.163146693225997 0.288327479529116 0.0601444617272033 0.733919392538164 -0.210664662599164 -0.478731103031167 -0.639129696494438 0.0408467723000008 -0.633178052405505 0.348487393584961 -0.308671619870805 -0.214823918559719 -0.7014813596001 -0.655450543679231 -0.355174658303608 -0.154054825916219 0.0156195555081147 0.282353707770725 0.103414727605085 -0.630909213370039 -0.533071165580138 -0.105215882238304 -0.147764835613619 0.627116616081128 0.10056377469056 0.207673020187942 0.321014999074516 0.561510529527482 -0.302852029414356 0.625165545976162 0.321108299859862 0.529842026404174 -0.416107094723982 0.366361497627027 0.388530961117815 0.264656538926446 -0.0525957220364652 0.0809563579967915 -0.622371103619867 0.262660042307322 0.213178798042068 0.487990414938154 0.380270742458732 0.557118569660445 -0.436772248818087 0.107522191354173 -0.514549168870416 0.359334200442333 0.34461100271958 0.402942925855461 0.331612725773935 0.285060127555759 0.144288856860662 -0.214079600543644 -0.3527074375434 0.293012308672919 0.0603968170471268 -0.386481545560993 -0.660561927934258 -0.383086551115416 0.259414822665996 -0.132046217537005 -0.159744380604248
-0.154237218271835 0.615852773972592 0.0531292374461394 0.530350979938111 0.112943421644489 0.247736039476399 -0.0358081635949485 0.786675766001497 0.125803892668124 0.377534311768131 -0.0823472869318752 0.94110293298528 -0.157586201472968 1 -0.0242925137267904 0.200575552129892 0.129149615707643 0.823533938108532 0.262182436401446 0.450643333703134 -0.0922897308116901 -0.108028325218838 0.374137735906143 0.292942095516076 0.187206419662856 0.486124199625211 -0.340195833040058 -0.119236542514885 0.535649022297944 0.514557900658695 -0.331611405150182 0.727490290550127 -0.451838589272331 0.748613554619415 0.147078308740716 0.253436217730143 0.347197955484173 0.1970160750437 0.262719705084169 -0.364713457216275 0.358841964315003 0.027001656518044 -0.335195025056535 -0.377705003378605 -0.173530880219388 -0.119500877619115 -0.581407478598425 -0.527817763034278 -0.330428217170139 -0.222368245966906 -0.428071166628123 0.0105910423868792 -0.548170093912814 -0.0856784101155599 -0.59246179714672 -0.224751214836598 -0.0699440415913133 0.670284014216734 -0.17209304063876 0.0155067685252764 -0.413672824278728 0.326239253305154 -0.411376369836703 0.706071953202592 -0.39870032568195 0.135700306406962 0.173226236653954 0.159081465063128 0.290832431956182 0.536385926332235 -0.390987340719843 0.279233743011424 0.133261258093463 -0.32210125033439 -0.379470689599223 -0.38696530510694 -0.0870266670862031 0.246378827690235 -0.0194258936742955 0.276348222805513 -0.565966538056483 0.797524420514032 0.344515335261301 0.647832805911758 -0.549532707654555 0.678875754905365 0.36737685092769 0.26745102652582 -0.599792811444798 -0.104300212810171 -0.630480778332445 0.40074960610936 -0.731837005410886 -0.293345936102739 0.106877854558011 0.354607820683475 -0.216890157740604 0.534137162233378 -0.380940161838563 0.560341466819106 -0.604970391736671 -0.29485287328729 -0.592808738875629 -0.322641439324724 -0.622559732348293 -0.458054132669913 -0.063788158490636 0.156369040188399 0.0749471375979379 0.104762219131171 0.162356956221064 -0.0991129736252979 -0.165844879084849 -0.356499728591493 -0.381009196456494 -0.0412920276291312
0.187365493381902 -0.596503135025853 0.27477209136467 -0.365339616258372 0.828877425741074 0.857764536668088 0.352372699089957 -0.402834039079068 0.855332396231023 0.816740260030199 0.416346123859635 -0.0972589180737759 0.496902030660987 -0.0242925137267904 1 0.925414309504176 -0.518991256312706 -0.350448786997884 -0.358698335670467 -0.377378350269814 0.910665614686233 0.910809338929718 0.197900601235613 0.409658656665832 0.717558591640295 0.643448690315824 0.797947880438424 0.880338428398125 -0.124696285358572 -0.193751246554161 0.502843486028718 -0.0220159468189677 0.495918347150714 -0.135152524604396 0.690788296684341 0.534395878190204 -0.207469468315649 -0.22352753193124 0.62140446241481 0.68609623310441 -0.496697297395152 0.0246703560718958 -0.461638134509301 -0.294401920809762 -0.568069219852712 -0.202432454982679 -0.466248269772755 0.00269364601588523 -0.294251446347844 -0.339205204235913 -0.0734277656287926 -0.471342969681502 0.0182372324348162 -0.0635508519746625 0.577453623639968 0.654603342433698 0.280655960862781 -0.550557667254194 -0.327803739215078 -0.585131375528644 0.1886871978631 -0.700328362935086 0.379586497451048 -0.454641946967473 -0.0219784574468613 -0.706588660825455 -0.607303910200569 -0.0508813063923184 -0.593152285646181 -0.345330445173423 0.546354522831479 0.0917557999867785 -0.684744326063383 -0.527417668869852 0.347345713061388 -0.108052280555715 0.808364864228802 0.516732045290232 -0.268598733883901 0.336978391759479 0.496965459052803 -0.0352169187754345 0.673207167862471 0.497116576114335 0.473518012747798 -0.227170127570714 0.751854131548184 0.869282527201818 0.610070741434252 0.59905995531839 -0.232067535018008 -0.68950668088051 0.389422638833818 0.618727688033893 0.73860267383917 0.295977487630617 0.462203831112867 -0.501989533166879 -0.374714391634022 -0.626197647083135 0.578826927906186 0.733663950580605 0.607743303714801 0.709374432701789 0.538428266964974 0.468079160982579 -0.610973335978006 -0.220045314579566 0.133985539737796 0.311911828397994 -0.7601991239134 -0.851739399759659 -0.229735289941034 0.639197482998624 -0.193616489995436 -0.308780073383626
0.0303677293105157 -0.486137329903934 0.195725941533065 -0.267903816368169 0.798187219602123 0.925438475562703 0.216161462042984 -0.239211854529256 0.802995139222122 0.882236202045407 0.240612833199415 0.125089811904456 0.293184547636091 0.200575552129892 0.925414309504176 1 -0.58088855672808 -0.137839781957783 -0.384326128796371 -0.297715317484062 0.904577946257086 0.844363824826915 0.203939783539096 0.404619821205005 0.678449965909187 0.733803150098051 0.697140876806239 0.88394789926474 -0.0526880441816355 -0.184601853029812 0.354905288601664 0.170779667425384 0.273503820911753 0.0598299935436675 0.714247630416588 0.557957215093598 -0.196352437443063 -0.27490342368341 0.720806800767338 0.568748139785657 -0.462343620277321 -0.0127030577875259 -0.434984976941883 -0.374593127305495 -0.534246407401939 -0.153895041641371 -0.533618969875104 -0.0354706507616319 -0.315433936022276 -0.330077713748192 -0.151653542910019 -0.424845862567572 -0.112109821844567 -0.00860974233427527 0.406514575949497 0.699231934748555 0.133292775322559 -0.424671417810101 -0.354824280849261 -0.557978169495149 0.0532201973075497 -0.61114339183063 0.218363594377496 -0.304992615141999 -0.118041545177465 -0.625603724338356 -0.538729425868439 0.00225717613868818 -0.556902137324494 -0.286159240116716 0.416167930121979 0.164282822448462 -0.559377509458673 -0.554401579634404 0.299246409521373 -0.146987665859293 0.725961279046187 0.614624000752688 -0.326278050816901 0.446196950028522 0.27277980516971 0.217818920561218 0.698551559706302 0.620469447089265 0.255929419507327 0.00621721201359795 0.799517339895216 0.930433158017163 0.43573919365927 0.692044372454935 -0.411578489003886 -0.507291301536355 0.250193898137396 0.624005001597729 0.705038072954778 0.271822390855631 0.327512928555064 -0.347816398201436 -0.503598671983066 -0.411756860970681 0.466978180213003 0.708315227058381 0.484113753345656 0.685621085225003 0.446801133194182 0.448640649671851 -0.614124635287275 -0.0901586842273289 0.0865019634909629 0.315878990692403 -0.73298113616052 -0.798234264519025 -0.208277202904714 0.634240367436479 -0.179337175947855 -0.29367667075063
0.339276445604326 0.649278693829342 0.285365394874415 0.580480637483948 -0.215935698841087 -0.423467694008392 0.319857381026234 0.502637437333399 -0.168629729078071 -0.274149827546472 0.306910912124983 0.197328410788741 0.27966542112846 0.129149615707643 -0.518991256312706 -0.58088855672808 1 0.346491842762805 0.667888849167725 0.418653824379777 -0.672754945751045 -0.453427022552762 0.388913047019862 0.172241725780626 -0.0008362089063691 -0.09941973732094 -0.525149561001463 -0.720542390730396 0.550463156568445 0.573586387359726 0.0167488955976122 0.218186675313953 -0.0517701337491027 0.117098665069729 -0.349745806138802 -0.15095354338162 0.651957819865332 0.650600096178543 -0.481612058163331 -0.302792275332405 0.625874887305556 0.286500083325202 -0.261409218016859 -0.123742623060849 -0.134951465516306 -0.406951061851776 0.00106412660637607 -0.37382488605455 -0.326000622865784 -0.302116164962628 -0.38326632504982 -0.0941508356541282 -0.324082085968236 -0.367041876674699 -0.537739124628385 -0.798405440526349 0.235333094440121 0.605248611844154 -0.178061747773465 0.0716710743907307 -0.392872131828521 0.184418726717989 -0.315156550596623 0.265204321111395 -0.376302777994324 0.0512809498288988 0.0967275140182681 -0.27362421844729 0.66456099987894 0.541888938542121 -0.247769694949743 0.00228007996453205 0.240079155490724 0.169725947222296 -0.472569707334916 -0.000149481500477502 -0.262792631100496 -0.300284181224777 0.592318999331887 -0.0829102461781965 -0.201277149449079 -0.128509146576407 0.0109877856163906 0.0307861326497282 -0.245072181722745 -0.0980601964413977 -0.176380962322626 -0.442290062785386 -0.553520235056779 -0.776059686622409 0.0118001165455546 0.122181182318862 -0.355211126245506 -0.550089421245994 -0.2434470815478 0.137224994091231 -0.130818819650528 0.351422822681446 0.223527703504147 0.301689854501497 -0.373939081414954 -0.494177220309466 -0.349542633528638 -0.479631688400839 -0.472106115554188 -0.438024196267852 0.443753187065698 -0.107755767288268 0.0860440543244531 -0.306830457081682 0.357769610971498 0.192166411507171 -0.172052471139828 -0.496389352115966 -0.0789900501064829 0.0720750212886714
-0.106395464436104 0.763012698297133 0.105166836212183 0.608934280866589 -0.089037679175237 0.00394804796695082 -0.0393675317296055 0.80425401542131 -0.119023257515061 0.109138785157354 -0.139191331347529 0.867198778959355 -0.254132372711677 0.823533938108532 -0.350448786997884 -0.137839781957783 0.346491842762805 1 0.370419863208415 0.5777121993856 -0.403013766119668 -0.41532014473882 0.355138568877153 0.2593100083634 0.022042647831529 0.334277322506392 -0.612464918119265 -0.389338131719385 0.676172118689578 0.425236547159869 -0.426541403090618 0.769935661425907 -0.58455935737189 0.707788437620063 -0.0486014150204767 0.0453087994891933 0.531766576272582 0.351321835804803 0.0555502682251773 -0.545805972189682 0.492990069984581 0.133784803088721 -0.219505815769766 -0.414569392850294 -0.0977344835729669 -0.222561412922278 -0.458659083048143 -0.584505088806729 -0.353955505060647 -0.257206743958332 -0.5300232366959 0.0684442228257873 -0.680853116728407 -0.165038789946815 -0.81615243985121 -0.457365538752836 -0.189105360744078 0.784923976709445 -0.187622778767201 0.0517354692883508 -0.59773982193231 0.392948835682874 -0.66632945312223 0.702027872786492 -0.518946011191673 0.250401265949842 0.222105888389323 -0.00228181501880544 0.442559317648056 0.613090071721188 -0.634465991899299 0.343234250239876 0.483550050185649 -0.083894463784037 -0.382351148834221 -0.239172187870886 -0.304651714472544 0.109827585782696 -0.0343819757345096 0.136832379507888 -0.774709323419492 0.707772222476876 0.195378117448234 0.512880508350553 -0.761286247119152 0.635687169495521 0.114211861123317 -0.0156255662757385 -0.827598231273122 -0.337720737562443 -0.617281771992396 0.574531674601976 -0.772234670647784 -0.468085171352454 -0.177195380040171 0.214311904027188 -0.327332757199042 0.777999200021078 -0.249886717708618 0.78466073849366 -0.661319253092413 -0.46223879076622 -0.665407630780524 -0.449073937966325 -0.718211012504215 -0.537411750403716 0.132860350618668 0.260226665931483 0.106425117998207 -0.104272284331013 0.286513492076532 0.199930602257326 -0.133328261547694 -0.51875366591715 -0.315148256009666 0.00159881244084701
